% Micron Technologies NON-Split Adjusted Stock Prices
% Close * Split Adjustment	Date	Split Adjustment

mu1 = [	38	% 5-3-99	1
	37.88	% 4-23-99	1
	49.31	% 4-1-99	1
	50.63	% 3-23-99	1
	52.63	% 3-3-99	1
	70.31	% 2-23-99	1
	79.5	% 2-3-99	1
	70.5	% 1-22-99	1
	49.94	% 1-4-99	1
	54	% 12-23-98	1
	46.38	% 12-3-98	1
	47.38	% 11-23-98	1
	40.19	% 11-3-98	1
	34.81	% 10-23-98	1
	28	% 10-2-98	1
	31.88	% 9-23-98	1
	24.88	% 9-3-98	1
	30.06	% 8-24-98	1
	34.25	% 8-3-98	1
	27.13	% 7-23-98	1
	25.94	% 7-2-98	1
	24.44	% 6-23-98	1
	22.5	% 6-3-98	1
	25.56	% 5-22-98	1
	31.81	% 5-4-98	1
	30.63	% 4-23-98	1
	31.5	% 4-3-98	1
	30.06	% 3-23-98	1
	33.63	% 3-3-98	1
	33.75	% 2-23-98	1
	37.81	% 2-3-98	1
	32.06	% 1-23-98	1
	27.88	% 1-2-98	1
	25.69	% 12-23-97	1
	25.63	% 12-3-97	1
	25.19	% 11-24-97	1
	27.88	% 11-3-97	1
	31.75	% 10-23-97	1
	33.94	% 10-3-97	1
	37.06	% 9-23-97	1
	44.69	% 9-3-97	1
	45.13	% 8-22-97	1
	51.56	% 8-4-97	1
	46.31	% 7-23-97	1
	40.06	% 7-3-97	1
	39.88	% 6-23-97	1
	40.5	% 6-3-97	1
	38.25	% 5-23-97	1
	38.75	% 5-2-97	1
	36	% 4-23-97	1
	40.63	% 4-3-97	1
	39.50	% 3-24-97	1
	38.5	% 3-3-97	1
	36.88	% 2-24-97	1
	34.5	% 2-3-97	1
	31.88	% 1-23-97	1
	32	% 1-3-97	1
	30.25	% 12-23-96	1
	34.25	% 12-3-96	1
	32.5	% 11-22-96	1
	28	% 11-4-96	1
	30.38	% 10-23-96	1
	28.63	% 10-3-96	1
	28	% 9-23-96	1
	22.25	% 9-3-96	1
	23.63	% 8-23-96	1
	22.88	% 8-2-96	1
	17.25	% 7-23-96	1
	25.38	% 7-3-96	1
	26.75	% 6-24-96	1
	31	% 6-3-96	1
	30.88	% 5-23-96	1
	37	% 5-3-96	1
	33.25	% 4-23-96	1
	31.63	% 4-3-96	1
	31.75	% 3-22-96	1
	31.63	% 3-4-96	1
	37.63	% 2-23-96	1
	36	% 2-2-96	1
	32	% 1-23-96	1
	39.38	% 1-3-96	1
	43.38	% 12-22-95	1
	51.63	% 12-4-95	1
	47.75	% 11-22-95	1
	68.25	% 11-3-95	1
	73.63	% 10-23-95	1
	75.5	% 10-3-95	1
	85.75	% 9-22-95	1
	81.38	% 9-5-95	1
	74	% 8-23-95	1
	58.5	% 8-3-95	1
	60	% 7-24-95	1
	54.13	% 7-3-95	1
	57.63	% 6-23-95	1
	47.38	% 6-2-95	1
	49.75	% 5-23-95	1
	41.88*2	% 5-3-95	2
	40*2	% 4-24-95	2
	38.88*2	% 4-3-95	2
	38.69*2	% 3-23-95	2
	34*2	% 3-3-95	2
	29.5*2	% 2-23-95	2
	22.5*2	% 2-3-95	2
	22.94*2	% 1-23-95	2
	21.88*2	% 1-3-95	2
	21.38*2	% 12-23-94	2
	21*2	% 12-2-94	2
	20.25*2	% 11-23-94	2
	20*2	% 11-3-94	2
	18.38*2	% 10-24-94	2
	16.19*2	% 10-3-94	2
	19.06*2	% 9-23-94	2
	19.75*2	% 9-2-94	2
	21.13*2	% 8-23-94	2
	18.56*2	% 8-3-94	2
	17.63*2	% 7-22-94	2
	17.13*2	% 7-5-94	2
	15.63*2	% 6-23-94	2
	17.63*2	% 6-3-94	2
	16.38*2	% 5-23-94	2
	18*2	% 5-3-94	2	
	17.31*2	% 4-22-94	2
	17.25*5	% 4-4-94	5
	18.7*5	% 3-23-94	5
	15.23*5	% 3-3-94	5
	13.53*5	% 2-23-94	5
	11.93*5	% 2-3-94	5
	11.58*5	% 1-24-94	5
	9.08*5	% 1-3-94	5
	9.25*5	% 12-23-93	5
	9.6*5	% 12-3-93	5
	8.75*5	% 11-23-93	5
	8.15*5	% 11-3-93	5
	9.35*5	% 10-22-93	5
	10.93*5	% 10-4-93	5
	12.45*5	% 9-23-93	5
	10.45*5	% 9-3-93	5
	11.05*5	% 8-23-93	5
	9.2*5	% 8-3-93	5
	8.55*5	% 7-23-93	5
	7.75*5	% 7-2-93	5
	7.05*5	% 6-23-93	5
	6.3*5	% 6-3-93	5
	5.65*5	% 5-24-93	5
	4.7*5	% 5-3-93	5
	4.5*5	% 4-23-93	5
	3.98*5	% 4-2-93	5
	4.73*5	% 3-23-93	5
	5.05*5	% 3-3-93	5
	4.88*5	% 2-23-93	5
	4.83*5	% 2-3-93	5
	4.45*5	% 1-22-93	5
	3.63*5	% 1-4-93	5
	3.7*5	% 12-23-92	5
	3.85*5	% 12-3-92	5
	3.9*5	% 11-23-92	5
	3.63*5	% 11-3-92	5
	3.85*5	% 10-23-92	5
	3.18*5	% 10-2-92	5
	2.93*5	% 9-23-92	5
	2.95*5	% 9-3-92	5
	3.05*5	% 8-24-92	5
	3.18*5	% 8-3-92	5
	2.9*5	% 7-23-92	5
	2.83*5	% 7-2-92	5
	2.75*5	% 6-23-92	5
	3.05*5	% 6-3-92	5
	2.8*5	% 5-22-92	5
	2.85*5	% 5-4-92	5
	2.7*5	% 4-23-92	5
	2.93*5	% 4-3-92	5
	3.23*5	% 3-23-92	5
	3.95*5	% 3-3-92	5
	4*5	% 2-24-92	5
	3.9*5	% 2-3-92	5
	3.28*5	% 1-23-92	5
	3*5	% 1-3-92	5
	2.73*5	% 12-23-91	5
	2.65*5	% 12-3-91	5
	2.5*5	% 11-22-91	5
	3.35*5	% 11-4-91	5
	3.45*5	% 10-23-91	5
	2.8*5	% 10-3-91	5
	2.85*5	% 9-23-91	5
	2.75*5	% 9-3-91	5
	2.78*5	% 8-23-91	5
	2.70*5	% 8-2-91	5
	2.28*5	% 7-23-91	5
	2.25*5	% 7-3-91	5
	2.43*5	% 6-24-91	5
	3.38*5	% 6-3-91	5
	2.95*5	% 5-23-91	5
	3.08*5	% 5-3-91	5
	3.48*5	% 4-23-91	5
	3.33*5	% 4-3-91	5
	3.2*5	% 3-22-91	5
	3.08*5	% 3-4-91	5
	2.75*5	% 2-22-91	5
	2.63*5	% 2-4-91	5
	2.15*5	% 1-23-91	5
	1.98*5	% 1-3-91	5
	2.15*5	% 12-21-90	5
	2.08*5	% 12-3-90	5
	2.08*5	% 11-23-90	5
	1.65*5	% 11-2-90	5
	1.63*5	% 10-23-90	5
	1.60*5	% 10-3-90	5
	1.48*5	% 9-24-90	5
	1.75*5	% 9-4-90	5
	1.53*5	% 8-23-90	5
	2.03*5	% 8-3-90	5
	2.13*5	% 7-23-90	5
	2.75*5	% 7-3-90	5
	2.55*5	% 6-22-90	5
	2.78*5	% 6-4-90	5
	2.93*5	% 5-23-90	5
	2.6*5	% 5-3-90	5
	2.33*5	% 4-23-90	5
	2.38*5	% 4-3-90	5
	2.43*5	% 3-23-90	5
	2.48*5	% 3-2-90	5
	2.28*5	% 2-23-90	5
	1.80*5	% 2-2-90	5
	1.58*5	% 1-23-90	5
	2.05*5	% 1-3-90	5
	2.03*5	% 12-22-89	5
	2*5	% 12-4-89	5
	2.05*5	% 11-22-89	5
	2*5	% 11-3-89	5
	2.3*5	% 10-23-89	5
	2.58*5	% 10-3-89	5
	2.58*5	% 9-22-89	5
	2.85*5	% 9-5-89	5
	2.95*5	% 8-23-89	5
	3.08*5	% 8-3-89	5
	2.98*5	% 7-24-89	5
	3.70*5	% 7-3-89	5
	4.45*5	% 6-23-89	5
	4.88*5	% 6-2-89	5
	5.03*5	% 5-23-89	5
	4.48*5	% 5-3-89	5
	4.03*5	% 4-24-89	5
	3.90*5	% 4-3-89	5
	3.58*5	% 3-23-89	5
	3.90*5	% 3-3-89	5
	4.03*5	% 2-23-89	5
	3.53*5	% 2-3-89	5
	3.10*5	% 1-23-89	5
	3.15*5	% 1-3-89	5
	3.15*5	% 12-23-88	5
	3.28*5	% 12-2-88	5
	3.18*5	% 11-23-88	5
	3.53*5	% 11-3-88	5
	4.03*5	% 10-24-88	5
	4.13*5	% 10-3-88	5
	3.83*5	% 9-23-88	5	
];
