% Micron Technologies NON-Split Adjusted Stock Prices
% with cost of dollar adjustments (0.0025% compounded monthly).
% Close * Split Adjustment	Date	Split Adjustment

PER = 1.0025;
mu2 = [	38*(PER^0)		% 5-3-99	1
	37.88*(PER^1)		% 4-23-99	1
	49.31*(PER^2)		% 4-1-99	1
	50.63*(PER^3)		% 3-23-99	1
	52.63*(PER^4)		% 3-3-99	1
	70.31*(PER^5)		% 2-23-99	1
	79.5*(PER^6)		% 2-3-99	1
	70.5*(PER^7)		% 1-22-99	1
	49.94*(PER^8)		% 1-4-99	1
	54*(PER^9)		% 12-23-98	1
	46.38*(PER^10)		% 12-3-98	1
	47.38*(PER^11)		% 11-23-98	1
	40.19*(PER^12)		% 11-3-98	1
	34.81*(PER^13)		% 10-23-98	1
	28*(PER^14)		% 10-2-98	1
	31.88*(PER^15)		% 9-23-98	1
	24.88*(PER^16)		% 9-3-98	1
	30.06*(PER^17)		% 8-24-98	1
	34.25*(PER^18)		% 8-3-98	1
	27.13*(PER^19)		% 7-23-98	1
	25.94*(PER^20)		% 7-2-98	1
	24.44*(PER^21)		% 6-23-98	1
	22.5*(PER^22)		% 6-3-98	1
	25.56*(PER^23)		% 5-22-98	1
	31.81*(PER^24)		% 5-4-98	1
	30.63*(PER^25)		% 4-23-98	1
	31.5*(PER^26)		% 4-3-98	1
	30.06*(PER^27)		% 3-23-98	1
	33.63*(PER^28)		% 3-3-98	1
	33.75*(PER^29)		% 2-23-98	1
	37.81*(PER^30)		% 2-3-98	1
	32.06*(PER^31)		% 1-23-98	1
	27.88*(PER^32)		% 1-2-98	1
	25.69*(PER^33)		% 12-23-97	1
	25.63*(PER^34)		% 12-3-97	1
	25.19*(PER^35)		% 11-24-97	1
	27.88*(PER^36)		% 11-3-97	1
	31.75*(PER^37)		% 10-23-97	1
	33.94*(PER^38)		% 10-3-97	1
	37.06*(PER^39)		% 9-23-97	1
	44.69*(PER^40)		% 9-3-97	1
	45.13*(PER^41)		% 8-22-97	1
	51.56*(PER^42)		% 8-4-97	1
	46.31*(PER^43)		% 7-23-97	1
	40.06*(PER^44)		% 7-3-97	1
	39.88*(PER^45)		% 6-23-97	1
	40.5*(PER^46)		% 6-3-97	1
	38.25*(PER^47)		% 5-23-97	1
	38.75*(PER^48)		% 5-2-97	1
	36*(PER^49)		% 4-23-97	1
	40.63*(PER^50)		% 4-3-97	1
	39.50*(PER^51)		% 3-24-97	1
	38.5*(PER^52)		% 3-3-97	1
	36.88*(PER^53)		% 2-24-97	1
	34.5*(PER^54)		% 2-3-97	1
	31.88*(PER^55)		% 1-23-97	1
	32*(PER^56)		% 1-3-97	1
	30.25*(PER^57)		% 12-23-96	1
	34.25*(PER^58)		% 12-3-96	1
	32.5*(PER^59)		% 11-22-96	1
	28*(PER^60)		% 11-4-96	1
	30.38*(PER^61)		% 10-23-96	1
	28.63*(PER^62)		% 10-3-96	1
	28*(PER^63)		% 9-23-96	1
	22.25*(PER^64)		% 9-3-96	1
	23.63*(PER^65)		% 8-23-96	1
	22.88*(PER^66)		% 8-2-96	1
	17.25*(PER^67)		% 7-23-96	1
	25.38*(PER^68)		% 7-3-96	1
	26.75*(PER^69)		% 6-24-96	1
	31*(PER^70)		% 6-3-96	1
	30.88*(PER^71)		% 5-23-96	1
	37*(PER^72)		% 5-3-96	1
	33.25*(PER^73)		% 4-23-96	1
	31.63*(PER^74)		% 4-3-96	1
	31.75*(PER^75)		% 3-22-96	1
	31.63*(PER^76)		% 3-4-96	1
	37.63*(PER^77)		% 2-23-96	1
	36*(PER^78)		% 2-2-96	1
	32*(PER^79)		% 1-23-96	1
	39.38*(PER^80)		% 1-3-96	1
	43.38*(PER^81)		% 12-22-95	1
	51.63*(PER^82)		% 12-4-95	1
	47.75*(PER^83)		% 11-22-95	1
	68.25*(PER^84)		% 11-3-95	1
	73.63*(PER^85)		% 10-23-95	1
	75.5*(PER^86)		% 10-3-95	1
	85.75*(PER^87)		% 9-22-95	1
	81.38*(PER^88)		% 9-5-95	1
	74*(PER^89)		% 8-23-95	1
	58.5*(PER^90)		% 8-3-95	1
	60*(PER^91)		% 7-24-95	1
	54.13*(PER^92)		% 7-3-95	1
	57.63*(PER^93)		% 6-23-95	1
	47.38*(PER^94)		% 6-2-95	1
	49.75*(PER^95)		% 5-23-95	1
	41.88*2*(PER^96)	% 5-3-95	2
	40*2*(PER^97)		% 4-24-95	2
	38.88*2*(PER^98)	% 4-3-95	2
	38.69*2*(PER^99)	% 3-23-95	2
	34*2*(PER^100)		% 3-3-95	2
	29.5*2*(PER^101)	% 2-23-95	2
	22.5*2*(PER^102)	% 2-3-95	2
	22.94*2*(PER^103)	% 1-23-95	2
	21.88*2*(PER^104)	% 1-3-95	2
	21.38*2*(PER^105)	% 12-23-94	2
	21*2*(PER^106)		% 12-2-94	2
	20.25*2*(PER^107)	% 11-23-94	2
	20*2*(PER^108)		% 11-3-94	2
	18.38*2*(PER^109)	% 10-24-94	2
	16.19*2*(PER^110)	% 10-3-94	2
	19.06*2*(PER^111)	% 9-23-94	2
	19.75*2*(PER^112)	% 9-2-94	2
	21.13*2*(PER^113)	% 8-23-94	2
	18.56*2*(PER^114)	% 8-3-94	2
	17.63*2*(PER^115)	% 7-22-94	2
	17.13*2*(PER^116)	% 7-5-94	2
	15.63*2*(PER^117)	% 6-23-94	2
	17.63*2*(PER^118)	% 6-3-94	2
	16.38*2*(PER^119)	% 5-23-94	2
	18*2*(PER^120)		% 5-3-94	2	
	17.31*2*(PER^121)	% 4-22-94	2
	17.25*5*(PER^122)	% 4-4-94	5
	18.7*5*(PER^123)	% 3-23-94	5
	15.23*5*(PER^124)	% 3-3-94	5
	13.53*5*(PER^125)	% 2-23-94	5
	11.93*5*(PER^126)	% 2-3-94	5
	11.58*5*(PER^127)	% 1-24-94	5
	9.08*5*(PER^128)	% 1-3-94	5
	9.25*5*(PER^129)	% 12-23-93	5
	9.6*5*(PER^130)		% 12-3-93	5
	8.75*5*(PER^131)	% 11-23-93	5
	8.15*5*(PER^132)	% 11-3-93	5
	9.35*5*(PER^133)	% 10-22-93	5
	10.93*5*(PER^134)	% 10-4-93	5
	12.45*5*(PER^135)	% 9-23-93	5
	10.45*5*(PER^136)	% 9-3-93	5
	11.05*5*(PER^137)	% 8-23-93	5
	9.2*5*(PER^138)		% 8-3-93	5
	8.55*5*(PER^139)	% 7-23-93	5
	7.75*5*(PER^140)	% 7-2-93	5
	7.05*5*(PER^141)	% 6-23-93	5
	6.3*5*(PER^142)		% 6-3-93	5
	5.65*5*(PER^143)	% 5-24-93	5
	4.7*5*(PER^144)		% 5-3-93	5
	4.5*5*(PER^145)		% 4-23-93	5
	3.98*5*(PER^146)	% 4-2-93	5
	4.73*5*(PER^147)	% 3-23-93	5
	5.05*5*(PER^148)	% 3-3-93	5
	4.88*5*(PER^149)	% 2-23-93	5
	4.83*5*(PER^150)	% 2-3-93	5
	4.45*5*(PER^151)	% 1-22-93	5
	3.63*5*(PER^152)	% 1-4-93	5
	3.7*5*(PER^153)		% 12-23-92	5
	3.85*5*(PER^154)	% 12-3-92	5
	3.9*5*(PER^155)		% 11-23-92	5
	3.63*5*(PER^156)	% 11-3-92	5
	3.85*5*(PER^157)	% 10-23-92	5
	3.18*5*(PER^158)	% 10-2-92	5
	2.93*5*(PER^159)	% 9-23-92	5
	2.95*5*(PER^160)	% 9-3-92	5
	3.05*5*(PER^161)	% 8-24-92	5
	3.18*5*(PER^162)	% 8-3-92	5
	2.9*5*(PER^163)		% 7-23-92	5
	2.83*5*(PER^164)	% 7-2-92	5
	2.75*5*(PER^165)	% 6-23-92	5
	3.05*5*(PER^166)	% 6-3-92	5
	2.8*5*(PER^167)		% 5-22-92	5
	2.85*5*(PER^168)	% 5-4-92	5
	2.7*5*(PER^169)		% 4-23-92	5
	2.93*5*(PER^170)	% 4-3-92	5
	3.23*5*(PER^171)	% 3-23-92	5
	3.95*5*(PER^172)	% 3-3-92	5
	4*5*(PER^173)		% 2-24-92	5
	3.9*5*(PER^174)		% 2-3-92	5
	3.28*5*(PER^175)	% 1-23-92	5
	3*5*(PER^176)		% 1-3-92	5
	2.73*5*(PER^177)	% 12-23-91	5
	2.65*5*(PER^178)	% 12-3-91	5
	2.5*5*(PER^179)		% 11-22-91	5
	3.35*5*(PER^180)	% 11-4-91	5
	3.45*5*(PER^181)	% 10-23-91	5
	2.8*5*(PER^182)		% 10-3-91	5
	2.85*5*(PER^183)	% 9-23-91	5
	2.75*5*(PER^184)	% 9-3-91	5
	2.78*5*(PER^185)	% 8-23-91	5
	2.70*5*(PER^186)	% 8-2-91	5
	2.28*5*(PER^187)	% 7-23-91	5
	2.25*5*(PER^188)	% 7-3-91	5
	2.43*5*(PER^189)	% 6-24-91	5
	3.38*5*(PER^190)	% 6-3-91	5
	2.95*5*(PER^191)	% 5-23-91	5
	3.08*5*(PER^192)	% 5-3-91	5
	3.48*5*(PER^193)	% 4-23-91	5
	3.33*5*(PER^194)	% 4-3-91	5
	3.2*5*(PER^195)		% 3-22-91	5
	3.08*5*(PER^196)	% 3-4-91	5
	2.75*5*(PER^197)	% 2-22-91	5
	2.63*5*(PER^198)	% 2-4-91	5
	2.15*5*(PER^199)	% 1-23-91	5
	1.98*5*(PER^200)	% 1-3-91	5
	2.15*5*(PER^201)	% 12-21-90	5
	2.08*5*(PER^202)	% 12-3-90	5
	2.08*5*(PER^203)	% 11-23-90	5
	1.65*5*(PER^204)	% 11-2-90	5
	1.63*5*(PER^205)	% 10-23-90	5
	1.60*5*(PER^206)	% 10-3-90	5
	1.48*5*(PER^207)	% 9-24-90	5
	1.75*5*(PER^208)	% 9-4-90	5
	1.53*5*(PER^209)	% 8-23-90	5
	2.03*5*(PER^210)	% 8-3-90	5
	2.13*5*(PER^211)	% 7-23-90	5
	2.75*5*(PER^212)	% 7-3-90	5
	2.55*5*(PER^213)	% 6-22-90	5
	2.78*5*(PER^214)	% 6-4-90	5
	2.93*5*(PER^215)	% 5-23-90	5
	2.6*5*(PER^216)		% 5-3-90	5
	2.33*5*(PER^217)	% 4-23-90	5
	2.38*5*(PER^218)	% 4-3-90	5
	2.43*5*(PER^219)	% 3-23-90	5
	2.48*5*(PER^220)	% 3-2-90	5
	2.28*5*(PER^221)	% 2-23-90	5
	1.80*5*(PER^222)	% 2-2-90	5
	1.58*5*(PER^223)	% 1-23-90	5
	2.05*5*(PER^224)	% 1-3-90	5
	2.03*5*(PER^225)	% 12-22-89	5
	2*5*(PER^226)		% 12-4-89	5
	2.05*5*(PER^227)	% 11-22-89	5
	2*5*(PER^228)		% 11-3-89	5
	2.3*5*(PER^229)		% 10-23-89	5
	2.58*5*(PER^230)	% 10-3-89	5
	2.58*5*(PER^231)	% 9-22-89	5
	2.85*5*(PER^232)	% 9-5-89	5
	2.95*5*(PER^233)	% 8-23-89	5
	3.08*5*(PER^234)	% 8-3-89	5
	2.98*5*(PER^235)	% 7-24-89	5
	3.70*5*(PER^236)	% 7-3-89	5
	4.45*5*(PER^237)	% 6-23-89	5
	4.88*5*(PER^238)	% 6-2-89	5
	5.03*5*(PER^239)	% 5-23-89	5
	4.48*5*(PER^240)	% 5-3-89	5
	4.03*5*(PER^241)	% 4-24-89	5
	3.90*5*(PER^242)	% 4-3-89	5
	3.58*5*(PER^243)	% 3-23-89	5
	3.90*5*(PER^244)	% 3-3-89	5
	4.03*5*(PER^245)	% 2-23-89	5
	3.53*5*(PER^246)	% 2-3-89	5
	3.10*5*(PER^247)	% 1-23-89	5
	3.15*5*(PER^248)	% 1-3-89	5
	3.15*5*(PER^249)	% 12-23-88	5
	3.28*5*(PER^250)	% 12-2-88	5
	3.18*5*(PER^251)	% 11-23-88	5
	3.53*5*(PER^252)	% 11-3-88	5
	4.03*5*(PER^253)	% 10-24-88	5
	4.13*5*(PER^254)	% 10-3-88	5
	3.83*5*(PER^255)	% 9-23-88	5	
];
